-63.62 -63.62 -63.62 -63.62 -63.62 -63.62 -63.62 -63.62 -62.21 -62.21 -62.21 -62.21 -62.21 -62.21 -62.21
-63.11 -63.17 -63.16 -63.09 -63.08 -63.20 -62.90 -62.43 -62.16 -62.12 -62.13 -61.91 -61.67 -61.73 -61.64
-62.62 -62.77 -62.85 -62.95 -62.82 -62.90 -62.73 -61.95 -61.76 -61.91 -61.81 -61.71 -61.44 -61.20 -61.03
-62.14 -62.34 -62.43 -62.51 -61.85 -61.89 -61.57 -61.04 -60.63 -60.67 -60.99 -61.23 -60.98 -60.63 -60.28
-61.70 -61.98 -62.22 -62.23 -61.77 -61.55 -61.01 -60.72 -60.03 -60.38 -60.66 -61.02 -60.70 -60.26 -59.89
-61.30 -61.63 -61.90 -62.05 -61.92 -61.18 -59.86 -59.03 -58.83 -60.31 -60.60 -60.60 -60.13 -59.62 -59.16
-60.98 -61.35 -61.63 -61.68 -61.73 -61.64 -59.21 -58.31 -58.20 -60.32 -60.43 -60.21 -59.63 -59.17 -58.52
-60.75 -61.14 -61.49 -61.56 -61.51 -61.17 -60.28 -60.02 -59.17 -59.84 -59.81 -59.81 -59.47 -59.05 -58.51
-60.63 -60.91 -61.13 -61.20 -60.91 -60.49 -60.10 -60.10 -59.03 -59.01 -58.72 -59.03 -58.99 -58.56 -58.20
-60.62 -60.93 -61.14 -61.29 -60.87 -60.48 -60.30 -60.29 -59.45 -59.05 -59.03 -59.05 -58.77 -58.79 -58.41
-60.73 -61.05 -61.29 -61.37 -61.34 -61.21 -61.08 -60.90 -59.75 -59.41 -59.13 -59.03 -58.81 -58.67 -58.21
-60.94 -61.23 -61.33 -61.53 -61.55 -61.42 -61.33 -61.17 -60.07 -59.77 -59.35 -59.03 -58.85 -58.68 -58.62
-61.25 -61.53 -61.69 -61.82 -61.73 -61.75 -61.40 -61.24 -60.36 -59.94 -59.83 -59.41 -59.10 -58.93 -58.65
-61.64 -61.84 -61.94 -62.03 -62.10 -61.86 -61.52 -61.35 -60.66 -60.35 -59.93 -59.63 -59.41 -59.36 -59.28
-62.07 -62.17 -62.15 -62.10 -62.18 -62.09 -61.89 -61.40 -60.51 -60.48 -60.18 -60.01 -59.77 -59.78 -59.89
